crn, date, julian, carb
#, mmddyy, day, mg/m2/day
   2, 120288,    62,   27.000
   3, 010889,    99,   28.000
   4, 022689,   148,   38.000
   5, 032789,   177,   36.000
   6, 051889,   229,   26.300
   7, 062489,   266,   20.000
   8, 072989,   301,   57.000
   9, 082489,   327,   50.000
  10, 092289,   356,   36.000
  11, 101889,   382,   33.000
  13, 010590,   461,   23.300
  14, 021590,   502,   54.100
  15, 031990,   534,   43.300
  16, 041390,   559,   29.400
  17, 050990,   585,   17.700
  18, 061390,   620,   36.500
  19, 072590,   662,   40.700
  20, 091590,   714,   46.100
  22, 121890,   808,   22.200
  23, 020391,   855,   17.700
  24, 030791,   887,   17.900
  26, 050891,   949,   41.500
  27, 060591,   977,   49.500
  28, 071091,  1012,   22.300
  29, 081091,  1043,   30.200
  30, 091891,  1082,   26.800
  31, 102191,  1115,   13.400
  32, 120791,  1162,   22.000
  33, 010592,  1191,   26.000
  34, 021592,  1232,   18.200
  35, 030692,  1252,   29.000
  36, 041792,  1294,   17.300
  37, 060992,  1347,   22.300
  38, 070592,  1373,   28.400
  39, 080592,  1404,   25.800
  40, 092392,  1453,   19.300
  41, 102092,  1480,   10.700
  44, 012093,  1572,   25.200
  45, 021793,  1600,   37.200
  46, 041593,  1657,   20.600
  47, 052193,  1693,   21.900
  49, 091593,  1810,   18.100
  50, 103093,  1855,   25.800
  51, 012094,  1937,   27.300
  52, 021794,  1965,   21.800
  53, 030994,  1985,   22.500
  54, 061994,  2087,   23.500
  55, 072594,  2123,   19.100
  56, 083094,  2159,   41.100
  57, 092394,  2183,   18.200
  58, 101594,  2205,   17.700
  60, 020695,  2319,   18.900
  62, 040695,  2378,   21.700
  63, 050795,  2409,   21.800
  64, 073095,  2493,   22.700
  65, 082995,  2523,   25.900
  66, 092695,  2551,   23.000
  67, 102795,  2582,   25.800
  68, 111795,  2603,   21.500
  69, 011796,  2664,   11.100
  70, 032796,  2734,   34.800
  71, 042496,  2762,   22.600
  72, 052296,  2790,   32.400
  73, 062696,  2825,   34.800
  74, 072796,  2856,   36.400
  75, 082196,  2881,   22.000
  76, 100296,  2923,   26.200
  77, 103096,  2951,   26.200
  78, 121196,  2993,   13.800
  79, 010897,  3021,   18.200
  80, 021897,  3062,   35.800
  81, 031297,  3084,   23.700
  82, 040997,  3112,   32.300
  83, 050797,  3140,   46.000
  85, 070997,  3203,   32.400
  86, 080297,  3227,   28.700
  89, 011198,  3389,   25.400
  90, 021998,  3428,   22.700
  91, 031898,  3455,   38.400
  92, 041598,  3483,   36.200
  93, 051398,  3511,   56.100
  94, 061798,  3546,   24.300
  95, 071598,  3574,   24.900
  96, 081098,  3600,   39.100
  97, 092898,  3649,   17.100
  98, 101998,  3670,   25.300
  99, 111198,  3693,   30.600
 100, 120998,  3721,   19.900
 101, 011399,  3756,   30.300
 102, 021899,  3792,   23.000
 103, 031799,  3819,   47.500
 104, 041499,  3847,   37.100
 105, 051099,  3873,   28.800
 106, 071499,  3938,   35.600
 107, 081399,  3968,   33.800
 108, 101599,  4031,   34.600
 109, 110999,  4056,   21.000
 110, 121599,  4092,   18.500
 111, 020300,  4142,   19.000
 112, 030100,  4169,   28.400
 113, 032900,  4197,   36.000
 114, 042600,  4225,   42.900
 115, 052500,  4254,   21.400
 116, 062100,  4281,   29.700
 117, 072600,  4316,   39.800
 118, 082300,  4344,   19.000
 119, 101800,  4400,   35.400
 120, 113000,  4443,   16.800
 121, 122000,  4463,   16.100
 122, 011701,  4491,   17.500
 123, 021401,  4519,   26.300
 124, 032101,  4554,   21.800
 125, 041801,  4582,   29.200
 126, 051601,  4610,   29.100
 127, 061401,  4639,   44.300
 128, 071101,  4666,   39.000
 130, 100201,  4749,   25.500
 131, 102301,  4770,   31.700
 132, 111701,  4795,   27.500
 134, 011602,  4855,   33.400
 135, 022102,  4891,   35.400
 136, 031302,  4911,   24.100
 137, 052102,  4980,   43.000
 139, 082802,  5079,   27.500
 140, 100702,  5119,   57.000
 141, 110402,  5147,   26.500
 142, 112502,  5168,   24.500
 143, 121902,  5192,   15.600
 145, 022603,  5261,   37.800
 146, 032903,  5292,   34.300
 147, 042403,  5318,   49.300
 148, 052103,  5345,   44.200
 149, 062003,  5375,   36.200
 150, 072003,  5405,   35.000
 152, 101503,  5492,   29.400
 153, 111003,  5518,   27.700
 154, 122003,  5558,   15.900
 155, 012204,  5591,   17.000
 156, 022504,  5625,   37.800
 157, 032004,  5649,   33.000
 158, 042104,  5681,   33.400
 159, 051904,  5709,   22.400
 160, 061604,  5737,   34.100
 162, 081604,  5798,   23.600
 163, 092904,  5842,   28.100
 164, 103104,  5874,   26.100
 165, 112804,  5902,   22.500
 166, 122104,  5925,   17.700
 167, 020205,  5968,   23.700
 168, 030505,  5999,   32.300
 169, 051805,  6073,   32.800
 170, 061505,  6101,   30.000
 171, 071705,  6133,   35.200
 172, 081405,  6161,   46.400
 173, 091005,  6188,   28.600
 174, 100905,  6217,   15.700
 175, 111205,  6251,   19.000
 176, 121305,  6282,   24.000
 178, 021506,  6346,   16.500
 179, 031006,  6369,   24.700
 180, 040206,  6392,   26.200
 181, 052706,  6447,   35.700
 182, 061406,  6465,   34.900
 183, 071306,  6494,   23.200
 184, 080906,  6521,   51.600
 185, 091606,  6559,   29.000
 186, 102106,  6594,   17.300
 187, 110906,  6613,   21.800
 188, 121006,  6644,   19.000
 189, 020707,  6703,   25.000
 191, 050507,  6790,   34.200
 193, 070807,  6854,   30.900
 194, 080407,  6881,   47.100
 195, 090307,  6911,   20.400
 196, 100307,  6941,   28.100
 197, 120207,  7001,   22.600
 198, 122107,  7020,   44.000
 199, 013008,  7060,   18.000
 200, 022408,  7085,   26.300
 201, 052808,  7179,   20.600
 202, 062608,  7208,   37.200
 203, 072708,  7239,   38.000
 205, 101108,  7315,   24.300
 206, 120108,  7366,   17.900
 208, 012109,  7417,   13.900
 209, 021809,  7445,   28.000
 210, 042909,  7515,   24.000
 211, 052809,  7544,   32.200
 212, 070409,  7581,   27.700
 213, 072509,  7602,   27.000
 214, 081909,  7627,   49.900
 215, 092509,  7664,   16.900
 216, 110409,  7704,   16.200
 217, 121009,  7740,   16.200
 220, 040710,  7858,   19.900
 221, 051910,  7900,   22.800
 222, 060910,  7921,   32.900
 223, 070910,  7951,   37.400
 224, 080810,  7981,   38.000
 225, 090410,  8008,   20.500
 226, 100410,  8038,   18.400
 228, 010911,  8135,   27.900
 229, 012911,  8155,   20.000
 230, 030111,  8186,   20.800
 231, 041211,  8228,   25.900
 232, 051011,  8256,   23.400
 233, 072011,  8327,   25.700
 236, 110511,  8435,   31.900
 239, 011912,  8510,   10.700
 240, 032512,  8576,   22.600
 241, 050212,  8614,   46.800
 242, 053112,  8643,   45.000
 243, 062712,  8670,   33.900
 244, 080112,  8705,   38.800
 245, 081812,  8722,   19.100
 246, 091512,  8750,   22.800
 247, 100812,  8773,   23.300
 248, 120412,  8830,   15.400
 249, 021313,  8901,   15.900
 250, 030713,  8923,   16.300
 251, 040613,  8953,   20.500
 252, 051813,  8995,   21.400
 253, 062613,  9034,   31.900
 254, 091213,  9112,   27.300
 255, 100213,  9132,   19.600
 256, 102813,  9158,   21.800
 257, 112713,  9188,   14.600
 258, 122113,  9212,   11.100
 259, 011614,  9238,   23.000
 260, 021514,  9268,   13.500
 261, 030614,  9287,   16.400
 262, 041114,  9323,   30.400
 263, 060114,  9374,   26.000
 264, 070114,  9404,   34.000
 265, 091514,  9480,   28.700
 266, 101414,  9509,   27.300
 267, 112214,  9548,   22.900
 268, 121714,  9573,   16.500
 269, 022515,  9643,   60.700
 270, 032915,  9675,   17.500
 271, 042215,  9699,   35.600
 272, 052415,  9731,   30.600
 273, 062015,  9758,   20.800
 274, 072015,  9788,   32.300
 275, 081315,  9812,   57.400
 277, 101415,  9874,   22.400
 281, 021016,  9993,   31.200
 282, 030916, 10021,   39.500
 284, 052916, 10102,   33.600
 285, 071216, 10146,   35.700
 286, 081016, 10175,   25.100
 287, 101616, 10242,   19.600
 289, 012417, 10342,   28.700
 291, 032917, 10406,   22.100
 292, 042617, 10434,   28.900
 294, 062117, 10490,   33.300
 295, 080917, 10539,   35.100
 296, 100717, 10598,   21.100
 297, 110917, 10631,   15.100
 298, 121317, 10665,   19.700
 302, 051618, 10819,   47.600
 304, 072518, 10889,   32.500
 305, 091118, 10937,   18.600
 306, 101318, 10969,   15.800
 307, 111718, 11004,   13.900